0
0.162098980930997
0.287964194463161
0.244479465308548
0.437670742790547
0.491877324586434
0.600803353202895
0.413984234481035
0.337134944638752
0.310114960721066
0.190022698166745
0.122942099647908
0.154143360153304
0.271129501710672
0.223090400255781
0.438754112307507
0.797296254872363
1
0.847303274353876
0.579222263052391
0.460370021672859
0.423163195711497
0.651640062741714
0.655014080629895
0.381193715108047
0.0759697053323292
0.216652764180430
0.308027054476237
0.328559448791853
0.273803314212313
0.137258699046653
0.0442322648951789
0.137572914093317
0.109363389186889
0.0659755285690262
0.148383797942823
0.272558043250227
0.322813570339161
0.269184825660116
0.127791584286428
0.137330810699500
0.237698107437588
0.267570641468253
0.229750209552752
0.137725378620338
0.0367926219500400
0.0558464883330191
0.0738691685321616
0.0506240962135944
0.0658882205487494
0.0958563407223850
0.102645209206681
0.0673648918098459
0.0274036662786723
0.0542158776292623
0.0750086662249920
0.0721065201452742
0.0486954821392441
0.0269304695229494
0.0301551257405512
0.0333979933008064
0.0237839640195544
0.0176897428356910
0.0316481146175176
0.0405275693292985
0.0361633221004399
0.0299478792577265
0.0292173991908523
0.0287355642028411
0.0275100824454762
0.0227742815862329
0.0153583385833781
0.0213734432422046
0.0246959994665705
0.0236224805221713
0.0235661516092048
0.0260354178709234
0.0277621286113153
0.0271970157822225
0.0222965675286652
0.0200920029336859
0.0210677632490676
0.0202445588444327
0.0173968798691457
0.0163780567234497
0.0185876726137103
0.0218929877631069
0.0224717100043900
0.0183800772357450
0.0155087369021549
0.0180756331122922
0.0197881560595001
0.0177205678068758
0.0164656418358364
0.0188900296467517
0.0188408946395340
0.0180956099468673
0.0131648246241715
0.0122338663184034
0.0165469504992218
0.0172828404588330
0.0165680833336436
0.0160030601700298
0.0169892257456229
0.0173616004910711
0.0181168824351377
0.0156519568683209
0.0142609060455730
0.0162634270818789
0.0154735643912574
0.0176213917025403
0.0150873643936682
0.0120462536668064
0.0129175473658074
0.0127403448656331
0.0132598453875671
0.0127159560443386
0.0128099062737361
0.0174091418230909
0.0174085662530831
0.0165072980283685
0.0140335064135820
0.0154484237764668
0.0175824228994007
0.0173516382023398
0.0138869946605926
0.0137709550851255
0.0164698814916735
0.0163398574040528
0.0130590175503128
0.0120908722133789
0.0138779810692589
0.0150553248083045
0.0153391726994988
0.0143979256940824
0.0132630881710655
0.0164625129349874
0.0185161490770531
0.0184026180469086
0.0137439279244854
0.0119989467614789
0.0136048145263857
0.0160264136583783
0.0112669585472559
0.00757866893349910
0.0123578300490189
0.0169677651439266
0.0157672461674395
0.0114155530061133
0.0113564512173196
0.0147686832178118
0.0145487043348489
0.0118673891900766
0.00895387589005960
0.00983653650899999
0.0119449836875666
0.0109469308310078
0.00761598719468073
0.00943069254762298
0.0125195710599385
0.0146382734577572
0.0126307531114662
0.0119570033828839
0.0123559743014713
0.0153102904105406
0.0154860246930511
0.0116180788290669
0.00728791808432043
0.00778982054510629
0.00958778374342455
0.00902281832583469
0.00556074451455158
0.00637817742289998
0.0106608149148489
0.0125963352458379
0.0103626636917181
0.0101169448815809
0.0107879644083332
0.0111570987675705
0.0117793524462793
0.0105593275560264
0.00701724201656601
0.00476143344003445
0.00692927385001564
0.00717353365502802
0.00534758603428403
0.00688847264498318
0.00977631095226670
0.00968884902325249
0.0112566002130990
0.0104752426306064
0.00800276947127700
0.00875074085643220
0.00946866013234430
0.00870473471853741
0.00844529833220525
0.00892719933086202
0.00850853808107175
0.00982763031271222
0.0100717098585493
0.00713116990090541
0.00649942750678590
0.00697743287257040
0.00801051768107339
0.00689882955102424
0.00594913194084279
0.00824907983970305
0.00999171949651052
0.00932632653017905
0.00868428322254307
0.00743057522330052
0.00869013023762239
0.00867750255239490
0.00786274184084398
0.00626408576629988
0.00584158222957360
0.00692578661837877
0.00883399220125040
0.00752444104390440
0.00571431932808188
0.00617133308187010
0.00835570975561280
0.00783836122860194
0.00607603101116782
0.00653463628812201
0.00882182833237203
0.0101650107224734
0.00910296048053124
0.00871582423955395
0.00928296261796132
0.0103029626544916
0.0105481560263125
0.00790792870719844
0.00534576382025610
0.00533751111719380
0.00618828441280765
0.00586646139389612
0.00562691700940323
0.00579390127978142
0.00817935581617259
0.00931136179869824
0.00946522740435522
0.00858846853110166
0.00982110016942715
0.00992003021958186
0.0110383410223252
0.00929253459017886
0.00785018842824456
0.00774220970573218
0.00796364511395793
0.00842316614448453
0.00842684437936867
0.00728596813870515
0.00836312910033094
0.00893838187502604
0.00840699262861823
0.00737360946781775
0.00663558460241178
0.00591920624811202
0.00686871009217890
0.00897552724321666
0.00875067546097206
0.00739190324874572
0.00841337112219065
0.00780809319410219
0.00664813958800930
0.00564950368848030
0.00608922216943377
0.00546833177677526
0.00712823898573040
0.00738838663044208
0.00812658334267574
0.00895176240123156
0.00942632283652957
0.00851300316340786
0.00781606682513043
0.00738090469164555
0.00658907140428898
0.00706728330478494
0.00683524727266245
0.00671697560613841
0.00694651243244859
0.00753327227228566
0.00663663216013110
0.00670543307492946
0.00653061111161716
0.00718140186991765
0.00763684371286893
0.00733658010629497
0.00581394463532370
0.00853925158773928
0.00777906071079335
0.00743183986866524
0.00656371303259405
0.00695995938221705
0.00805505044171558
0.00751448001171083
0.00729595153010267
0.00828501451510041
0.00988215231501480
0.00840442633849318
0.00730291992458335
0.00757526216702940
0.00809497165491011
0.00851703092101141
0.00820493535915049
0.00692633511370685
0.00768641376826171
0.00796793598906329
0.00821555756376392
0.00748779571673413
0.00605505212984458
0.00635414687089805
0.00728882626837278
0.00654052012988703
0.00637137768975820
0.00844634628634134
0.00977256067814783
0.00977274216613149
0.00910442011200855
0.00767145684680018
0.00844766970814999
0.00781927615318385
0.00721122964215547
0.00705015326626333
0.00745361920285952
0.00758681480715618
0.00708975211359892
0.00602553813919659
0.00589098861550214
0.00750102610651773
0.00668089005092464
0.00687311800570936
0.00587042829930453
0.00678400882205398
0.00629920689132384
0.00662588540703314
0.00588792240620137
0.00508305567244052
0.00490196106527186
0.00388286544913054
0.00516944056799051
0.00448286808140232
0.00427179540963361
0.00340079000554601
0.00445950428442367
0.00467664216687376
0.00532222209373759
0.00482009289746702
0.00431470589280189
0.00613235165145144
0.00736549253963630
0.00649628945164989
0.00608222098993342
0.00590078748777228
0.00631498510833755
0.00602333800754978
0.00490751682501177
0.00306419233884586
0.00359410372349327
0.00417734408998832
0.00414966424842052
0.00280081969500294
0.00258369625245412
0.00508528216358840
0.00662863996752270
0.00627024507001827
0.00504104348047101
0.00700502115131533
0.00797028655741689
0.00760618780865718
0.00604271968854381
0.00494719957751795
0.00583279696479362
0.00620781001144027
0.00470634503117079
0.00152070532975932
0.00216560088721683
0.00290708181597002
0.00310972646370074
0.00247460219697193
0.00508315164294031
0.00714986223655553
0.00781445646374548
0.00725276992826627
0.00615265499262457
0.00408785130323970
0.00356762160842781
0.00406305575172664
0.00215167718395018
0.00122530077253353
0.00395590019060792
0.00419527346708111
0.00425743987757955
0.00361098950725519
0.00657168626836732
0.00837416552406400
0.00782922842827294
0.00790952115938157
0.00788168770670453
0.00875109506107090
0.00830332953432286
0.00753371672984724
0.00534940706810747
0.00486544626400720
0.00521334630360354
0.00287090754580574
0.00334987237758534
0.00405147905202124
0.00476565067329155
0.00572803423074257
0.00567226788115174
0.00538014096656503
0.00497507546106620
0.00514327004935106
0.00543617955304625
0.00566189628331514
0.00399928627028261
0.00365999688091030
0.00478322448222663
0.00649364801023146
0.00549737846550871
0.00495844049955843
0.00469713765906787
0.00595872576019627
0.00793766815455961
0.00646708124702924
0.00563358859543084
0.00540705846332055
0.00601673392783216
0.00611547392483307
0.00488474503992412
0.00456846929741802
0.00635063577641793
0.00840711670342994
0.00821654581922348
0.00600772965217237
0.00517184840681362
0.00515434847065849
0.00446707067234953
0.00379595372700162
0.00269507792450890
0.00251631939485306
0.00297311806072964
0.00147631074062721
0.00172577377936682
0.00308661431700490
0.00425554754234384
0.00549475753801284
0.00597134543387112
0.00472339485928020
0.00680637123591542
0.00752909138746033
0.00713779293116931
0.00454995123525363
0.00350477213268998
0.00418740881420224
0.00370398493055833
0.00163130179207757
0.00257948856489274
0.00619886743000749
0.00629871582642372
0.00547573080347388
0.00424243774156520
0.00561851303167892
0.00785621290156647
0.00842546579636693
0.00494846784216154
0.00284327007903807
0.00315542581963581
0.00402199168173964
0.00331214710282726
0.000997013690685503
0.00234020284339015
0.00398080760472311
0.00459976225229434
0.00351912575250011
0.00389041012162941
0.00528356649189936
0.00604733303140159
0.00713955159794995
0.00543855613873707
0.00281012318601047
0.00524238872414934
0.00526389571032259
0.00389308557300055
0.00172827683727101
0.00406563556636417
0.00720834072647748
0.00726288802475039
0.00542867778312086
0.00632762490118966
0.00675532346607822
0.00872215801341706
0.00656361615328328
0.00381388056117801
0.00496672228019494
0.00802928837782014
0.00770107033918950
0.00628058933342743
0.00537726331107700
0.00505777155692527
0.00573781108708251
0.00654896352117554
0.00545878863263963
0.00404280677264235
0.00459588367792223
0.00667165550445749
0.00729584536164023
0.00602118826039927
0.00208245977793084
0.00193116126472859